199
832
876
316
660
944
748
346
124
5
410
643
428
948
143
117
24
933
686
880
738
263
129
108
478
630
507
771
165
28
106
69
520
780
783
302
217
688
194
961
840
733
288
851
952
446
737
160
88
59
527
719
111
941
510
914
657
298
64
245
696
320
968
178
718
146
25
809
566
61
79
772
979
137
77
300
274
400
896
617
922
730
215
622
551
173
241
931
81
375
65
894
190
560
299
873
157
180
867
495
826
649
676
802
352
140
958
845
906
92
388
479
39
900
526
689
648
159
27
193
541
609
43
723
116
205
977
462
713
486
33
634
803
654
667
636
155
583
798
530
372
329
516
550
533
49
460
115
53
658
563
221
224
84
390
491
114
213
670
759
703
684
301
338
734
902
568
680
878
751
695
690
264
731
815
315
610
981
186
326
565
403
693
542
235
90
955
650
575
909
576
474
588
555
287
640
661
548
158
545
929
203
838
67
45
593
52
647
55
598
578
387
736
589
148
232
401
857
602
671
239
595
947
330
94
775
967
664
328
255
795
109
987
561
702
261
627
917
75
187
503
907
915
110
297
296
383
249
590
837
698
556
567
113
603
814
447
450
73
512
321
440
805
97
899
767
861
281
95
711
806
769
150
60
983
434
56
768
68
46
31
844
437
367
644
11
38
524
494
431
504
125
134
439
17
348
32
908
888
499
481
514
599
761
377
997
928
350
939
913
618
532
29
209
744
394
842
720
716
699
359
990
37
240
19
286
270
594
714
311
863
417
345
995
789
268
710
284
735
256
89
104
985
63
133
413
971
259
430
700
839
891
237
858
816
611
898
374
405
48
782
351
528
632
925
502
549
136
697
874
619
746
544
393
604
339
334
132
233
762
870
2
145
978
195
86
318
227
484
309
251
475
451
787
101
506
536
277
996
130
50
742
973
646
376
853
728
292
969
161
204
972
314
62
366
476
295
957
188
402
531
998
210
208
220
781
497
675
788
21
892
833
412
243
96
580
419
825
166
229
138
492
149
207
756
453
139
198
342
34
786
949
827
458
327
616
669
211
924
750
812
823
910
324
683
135
508
765
810
490
353
122
663
927
469
167
841
313
954
386
877
335
629
903
347
779
626
965
4
715
154
505
411
811
936
918
859
119
356
317
363
854
231
836
66
950
83
174
6
433
633
341
171
882
934
407
289
218
879
361
591
398
791
456
943
337
994
176
740
344
623
708
247
14
98
131
743
381
989
824
236
540
846
725
225
254
172
384
638
273
82
808
488
179
774
722
36
310
312
662
404
668
395
793
392
307
183
537
875
466
192
739
141
923
399
3
868
905
482
164
147
465
438
776
519
613
457
885
425
758
777
99
573
408
230
596
707
266
35
360
151
13
553
391
26
463
189
18
461
272
766
441
615
7
279
144
448
790
543
278
72
128
886
282
887
197
959
262
234
427
956
442
170
895
206
535
246
571
651
881
525
625
938
305
860
732
579
679
44
396
303
581
656
784
518
253
480
546
770
389
15
290
685
415
889
642
821
856
242
357
901
534
966
645
559
819
184
674
554
682
831
423
866
127
333
267
443
606
493
16
74
572
558
872
673
368
855
999
862
614
340
58
988
871
436
449
100
926
418
308
605
156
724
763
260
659
265
472
483
701
454
103
468
741
850
755
228
752
757
319
373
378
607
142
865
946
202
406
23
294
829
830
916
932
464
470
552
677
8
960
20
930
118
226
817
185
12
222
93
380
435
951
665
196
847
501
570
712
721
325
582
87
358
445
801
564
323
848
285
120
354
214
986
666
248
322
175
652
76
635
800
655
40
935
705
238
152
974
269
631
331
365
687
727
726
487
587
343
753
529
191
112
691
557
804
864
574
471
597
653
416
897
47
162
522
523
749
963
911
276
796
547
291
717
258
212
992
843
169
835
271
250
511
945
608
444
694
792
577
223
126
275
893
181
163
672
70
678
355
432
912
760
41
980
452
976
71
975
586
293
459
498
745
244
168
890
105
624
369
569
121
477
473
953
9
919
940
1
216
754
600
883
592
639
620
385
500
489
80
822
807
904
521
681
42
813
182
252
51
539
612
22
747
984
584
538
257
517
496
123
834
692
601
370
379
54
991
91
884
704
78
107
628
1000
364
336
30
562
455
371
332
820
764
57
641
921
429
424
849
799
729
982
773
585
420
937
349
306
970
153
852
920
280
962
515
709
993
200
778
102
283
10
467
964
637
177
85
382
794
818
869
942
509
621
828
397
421
201
414
422
706
409
485
513
219
426
797
304
785
362
